 layer     x     y   occupancy           %    capacity
     0     0     0           0       0.000           0
     0     0     1           0       0.000           0
     0     0     2           0       0.000           0
     0     0     3           0       0.000           0
     0     0     4           0       0.000           0
     0     0     5           0       0.000           0
     0     0     6           0       0.000           0
     0     0     7           0       0.000           0
     0     0     8           0       0.000           0
     0     0     9           0       0.000           0
     0     0    10           0       0.000           0
     0     0    11           0       0.000           0
     0     0    12           0       0.000           0
     0     0    13           0       0.000           0
     0     0    14           0       0.000           0
     0     0    15           0       0.000           0
     0     0    16           0       0.000           0
     0     0    17           0       0.000           0
     0     0    18           0       0.000           0
     0     0    19           0       0.000           0
     0     0    20           0       0.000           0
     0     0    21           0       0.000           0
     0     0    22           0       0.000           0
     0     0    23           0       0.000           0
     0     0    24           0       0.000           0
     0     1     0          32      21.622         148
     0     1     1          37      25.000         148
     0     1     2          42      28.378         148
     0     1     3          44      29.730         148
     0     1     4          42      28.378         148
     0     1     5          38      25.676         148
     0     1     6          42      28.378         148
     0     1     7          37      25.000         148
     0     1     8          47      31.757         148
     0     1     9          38      25.676         148
     0     1    10          50      33.784         148
     0     1    11          43      29.054         148
     0     1    12          43      29.054         148
     0     1    13          46      31.081         148
     0     1    14          53      35.811         148
     0     1    15          47      31.757         148
     0     1    16          42      28.378         148
     0     1    17          51      34.459         148
     0     1    18          54      36.486         148
     0     1    19          49      33.108         148
     0     1    20          51      34.459         148
     0     1    21          48      32.432         148
     0     1    22          48      32.432         148
     0     1    23          43      29.054         148
     0     1    24          50      33.784         148
     0     2     0          45      30.405         148
     0     2     1          47      31.757         148
     0     2     2          56      37.838         148
     0     2     3          60      40.541         148
     0     2     4          58      39.189         148
     0     2     5          56      37.838         148
     0     2     6          56      37.838         148
     0     2     7          51      34.459         148
     0     2     8          58      39.189         148
     0     2     9          49      33.108         148
     0     2    10          63      42.568         148
     0     2    11          58      39.189         148
     0     2    12          53      35.811         148
     0     2    13          58      39.189         148
     0     2    14          67      45.270         148
     0     2    15          61      41.216         148
     0     2    16          54      36.486         148
     0     2    17          59      39.865         148
     0     2    18          65      43.919         148
     0     2    19          64      43.243         148
     0     2    20          64      43.243         148
     0     2    21          67      45.270         148
     0     2    22          55      37.162         148
     0     2    23          63      42.568         148
     0     2    24          62      41.892         148
     0     3     0          56      37.838         148
     0     3     1          57      38.514         148
     0     3     2          69      46.622         148
     0     3     3          77      52.027         148
     0     3     4          75      50.676         148
     0     3     5          68      45.946         148
     0     3     6          68      45.946         148
     0     3     7          63      42.568         148
     0     3     8          68      45.946         148
     0     3     9          58      39.189         148
     0     3    10          73      49.324         148
     0     3    11          70      47.297         148
     0     3    12          66      44.595         148
     0     3    13          63      42.568         148
     0     3    14          68      45.946         148
     0     3    15          65      43.919         148
     0     3    16          54      36.486         148
     0     3    17          65      43.919         148
     0     3    18          76      51.351         148
     0     3    19          75      50.676         148
     0     3    20          62      41.892         148
     0     3    21          74      50.000         148
     0     3    22          65      43.919         148
     0     3    23          69      46.622         148
     0     3    24          65      43.919         148
     0     4     0          67      45.270         148
     0     4     1          69      46.622         148
     0     4     2          81      54.730         148
     0     4     3          83      56.081         148
     0     4     4          86      58.108         148
     0     4     5          82      55.405         148
     0     4     6          83      56.081         148
     0     4     7          72      48.649         148
     0     4     8          77      52.027         148
     0     4     9          67      45.270         148
     0     4    10          84      56.757         148
     0     4    11          74      50.000         148
     0     4    12          77      52.027         148
     0     4    13          75      50.676         148
     0     4    14          69      46.622         148
     0     4    15          69      46.622         148
     0     4    16          65      43.919         148
     0     4    17          80      54.054         148
     0     4    18          88      59.459         148
     0     4    19          82      55.405         148
     0     4    20          68      45.946         148
     0     4    21          81      54.730         148
     0     4    22          76      51.351         148
     0     4    23          74      50.000         148
     0     4    24          65      43.919         148
     0     5     0          77      52.027         148
     0     5     1          73      49.324         148
     0     5     2          86      58.108         148
     0     5     3          88      59.459         148
     0     5     4          90      60.811         148
     0     5     5          96      64.865         148
     0     5     6          95      64.189         148
     0     5     7          84      56.757         148
     0     5     8          84      56.757         148
     0     5     9          77      52.027         148
     0     5    10          86      58.108         148
     0     5    11          87      58.784         148
     0     5    12          88      59.459         148
     0     5    13          82      55.405         148
     0     5    14          73      49.324         148
     0     5    15          81      54.730         148
     0     5    16          79      53.378         148
     0     5    17          85      57.432         148
     0     5    18          93      62.838         148
     0     5    19          90      60.811         148
     0     5    20          71      47.973         148
     0     5    21          86      58.108         148
     0     5    22          80      54.054         148
     0     5    23          72      48.649         148
     0     5    24          70      47.297         148
     0     6     0          81      54.730         148
     0     6     1          62      41.892         148
     0     6     2          83      56.081         148
     0     6     3          87      58.784         148
     0     6     4          85      57.432         148
     0     6     5          91      61.486         148
     0     6     6         105      70.946         148
     0     6     7          92      62.162         148
     0     6     8          97      65.541         148
     0     6     9          84      56.757         148
     0     6    10          89      60.135         148
     0     6    11          90      60.811         148
     0     6    12          97      65.541         148
     0     6    13          90      60.811         148
     0     6    14          81      54.730         148
     0     6    15          86      58.108         148
     0     6    16          88      59.459         148
     0     6    17          89      60.135         148
     0     6    18          92      62.162         148
     0     6    19          84      56.757         148
     0     6    20          65      43.919         148
     0     6    21          76      51.351         148
     0     6    22          72      48.649         148
     0     6    23          62      41.892         148
     0     6    24          58      39.189         148
     0     7     0          82      55.405         148
     0     7     1          59      39.865         148
     0     7     2          81      54.730         148
     0     7     3          80      54.054         148
     0     7     4          82      55.405         148
     0     7     5          97      65.541         148
     0     7     6         108      72.973         148
     0     7     7          99      66.892         148
     0     7     8         106      71.622         148
     0     7     9          96      64.865         148
     0     7    10          96      64.865         148
     0     7    11          99      66.892         148
     0     7    12         107      72.297         148
     0     7    13         100      67.568         148
     0     7    14          89      60.135         148
     0     7    15          94      63.514         148
     0     7    16          98      66.216         148
     0     7    17          98      66.216         148
     0     7    18          94      63.514         148
     0     7    19          78      52.703         148
     0     7    20          68      45.946         148
     0     7    21          75      50.676         148
     0     7    22          65      43.919         148
     0     7    23          46      31.081         148
     0     7    24          49      33.108         148
     0     8     0          70      47.297         148
     0     8     1          51      34.459         148
     0     8     2          68      45.946         148
     0     8     3          70      47.297         148
     0     8     4          81      54.730         148
     0     8     5          97      65.541         148
     0     8     6         102      68.919         148
     0     8     7         102      68.919         148
     0     8     8         103      69.595         148
     0     8     9          98      66.216         148
     0     8    10          91      61.486         148
     0     8    11         100      67.568         148
     0     8    12         104      70.270         148
     0     8    13          97      65.541         148
     0     8    14          96      64.865         148
     0     8    15          91      61.486         148
     0     8    16          99      66.892         148
     0     8    17          94      63.514         148
     0     8    18          84      56.757         148
     0     8    19          63      42.568         148
     0     8    20          60      40.541         148
     0     8    21          62      41.892         148
     0     8    22          45      30.405         148
     0     8    23          35      23.649         148
     0     8    24          41      27.703         148
     0     9     0          56      37.838         148
     0     9     1          43      29.054         148
     0     9     2          53      35.811         148
     0     9     3          65      43.919         148
     0     9     4          81      54.730         148
     0     9     5          87      58.784         148
     0     9     6          95      64.189         148
     0     9     7          98      66.216         148
     0     9     8          95      64.189         148
     0     9     9          97      65.541         148
     0     9    10          91      61.486         148
     0     9    11          97      65.541         148
     0     9    12         104      70.270         148
     0     9    13         100      67.568         148
     0     9    14          97      65.541         148
     0     9    15          96      64.865         148
     0     9    16          98      66.216         148
     0     9    17          89      60.135         148
     0     9    18          73      49.324         148
     0     9    19          50      33.784         148
     0     9    20          52      35.135         148
     0     9    21          45      30.405         148
     0     9    22          33      22.297         148
     0     9    23          33      22.297         148
     0     9    24          32      21.622         148
     0    10     0          43      29.054         148
     0    10     1          42      28.378         148
     0    10     2          45      30.405         148
     0    10     3          52      35.135         148
     0    10     4          75      50.676         148
     0    10     5          78      52.703         148
     0    10     6          82      55.405         148
     0    10     7          96      64.865         148
     0    10     8          83      56.081         148
     0    10     9          89      60.135         148
     0    10    10          92      62.162         148
     0    10    11          97      65.541         148
     0    10    12          96      64.865         148
     0    10    13          92      62.162         148
     0    10    14          87      58.784         148
     0    10    15          90      60.811         148
     0    10    16          89      60.135         148
     0    10    17          81      54.730         148
     0    10    18          62      41.892         148
     0    10    19          46      31.081         148
     0    10    20          48      32.432         148
     0    10    21          40      27.027         148
     0    10    22          29      19.595         148
     0    10    23          31      20.946         148
     0    10    24          30      20.270         148
     0    11     0          34      22.973         148
     0    11     1          34      22.973         148
     0    11     2          35      23.649         148
     0    11     3          41      27.703         148
     0    11     4          59      39.865         148
     0    11     5          58      39.189         148
     0    11     6          74      50.000         148
     0    11     7          83      56.081         148
     0    11     8          68      45.946         148
     0    11     9          73      49.324         148
     0    11    10          77      52.027         148
     0    11    11          80      54.054         148
     0    11    12          76      51.351         148
     0    11    13          81      54.730         148
     0    11    14          72      48.649         148
     0    11    15          73      49.324         148
     0    11    16          80      54.054         148
     0    11    17          65      43.919         148
     0    11    18          41      27.703         148
     0    11    19          33      22.297         148
     0    11    20          38      25.676         148
     0    11    21          29      19.595         148
     0    11    22          21      14.189         148
     0    11    23          33      22.297         148
     0    11    24          30      20.270         148
     0    12     0           0       0.000           0
     0    12     1           0       0.000           0
     0    12     2           0       0.000           0
     0    12     3           0       0.000           0
     0    12     4           0       0.000           0
     0    12     5           0       0.000           0
     0    12     6           0       0.000           0
     0    12     7           0       0.000           0
     0    12     8           0       0.000           0
     0    12     9           0       0.000           0
     0    12    10           0       0.000           0
     0    12    11           0       0.000           0
     0    12    12           0       0.000           0
     0    12    13           0       0.000           0
     0    12    14           0       0.000           0
     0    12    15           0       0.000           0
     0    12    16           0       0.000           0
     0    12    17           0       0.000           0
     0    12    18           0       0.000           0
     0    12    19           0       0.000           0
     0    12    20           0       0.000           0
     0    12    21           0       0.000           0
     0    12    22           0       0.000           0
     0    12    23           0       0.000           0
     0    12    24           0       0.000           0
